0111100011011001100110111111000101101100100111000100101111011001 0101110001100100001111100000000001110110110011100011011101001010
0011000100100011000001110110001000100110001101011111101101001100 0011100010001000101011010010011000101011100010111011110111001011
0100111110100001010101011001111101000111101110011010000110001111 0100011111000111100011010101100001010001000010000011010000000111
0111110001101101101010011111100011011011110011010110000010110111 0101111000101110110011110101000111110110101101010010011011000100
1100111111000100010101101001111110101110011111011001010001011100 1111111111111000000000000000000000000000000000000000000000000000
1010110111001011110000000101101101000100110111100011011110001001 1111111111111000000000000000000000000000000000000000000000000000
1010010010101110001100100100100111101000001000110011111011010000 1111111111111000000000000000000000000000000000000000000000000000
1110101111111110110000001101011110101000110001111111110001010001 1111111111111000000000000000000000000000000000000000000000000000
0100101100100001001011111001011000000110000111010111111100001100 0100010110000111011100110111001100100010000100100101011111000110
1110000100101100110011101100001001100100010101111110110111001000 1111111111111000000000000000000000000000000000000000000000000000
