00010010000101010011010100100100 11000000100010010101111010000001 10010001000010110000011111110000
10000100100001001101011000001001 10110001111100000101011001100011 00010010000011010111111000101100
00000110101110010111101100001101 01000110110111111001100110001101 00000000000110101000101101101111
10110010110000101000010001100101 10001001001101110101001000010010 01101001000001111101000101011011
00000000111100111110001100000001 00000110110101111100110100001101 00111001100100001010100010100101
00111011001000111111000101110110 00011110100011011100110100111101 01011100000100111111110010001000
01110110110101000101011111101101 01000110001011011111011110001100 01110000000111000011110010000001
01111100111111011110100111111001 11100011001101110010010011000110 11011001001100010111011000110011
11100010111101111000010011000101 11010101000100111101001010101010 01001101010101100101001110011101
01110010101011111111011111100101 10111011110100100111001001110111 11110110010101100000111011011011
