1011000111101111011000100110001100000101011100111000011100001010 1100000000111011001000101000000000010000011001000010000100100000 0011000110100010100000010111100011000001010000001110100111110101
0101010101111000010001011010101011001110110011001100110010011101 1100101100100000001111101001011010001001100000111011100000010011 1100101001000111111010000010011001001100100001001010010110001110
1000011010111100001110000000110110101001101001111101011001010011 0011010110011111110111010110101111101010101001100010101011010101 1001000100001100010101101010110011100101001000110101111011111001
1000000100010111010010100000001011010111010101100011111010101110 0000111011111111111010010001110111100111110001010111001011001111 1011001000000111010110101011011000110110111100011010110011111111
0001000110000100010010010010001100000101000010010110010100001010 1110010101110011000010101100101010011110001100010100110000111100 1000000000000000000000000000000000000000000000000000000000000000
0111100101101000101111011111001001000101001011100110000110001010 0010000011000100101100110100000111101100010010110011010011011000 0111111111110000000000000000000000000000000000000000000000000000
0011110000100000111100110111100011000100100010100001001010001001 0111010111000101000011011110101101011011000000100110010110110110 0000011001001001110000110111001110011111111010110000100011000000
0110001101001011111110011100011001010111000101010001001110101110 1101111001110101000000101011110000010101000011111101110100101010 1100010011000101010011011101000011100110100010101111110011010000
1000010111010111100110100000101110111000100101111011111001110001 0100001011110010010000011000010100100111111100100101010101001111 1000001011010100101011110110100110111101100011111101011001101010
1001110111001100011000000011101100011101000001100011001100111010 1011111100100011001100100111111000001010101010100100101100010101 0001111010010111101001100110010110111101011011001110100011110001
