10001001001100101101011000010010 11111111110000000000000000000000
01000111111011001101101110001111 01000011101011100001111010111001
01111001001100000110100111110010 01011100010101001000001101101110
11100111011101101001011011001110 11111111110000000000000000000000
11110100000000000111101011101000 11111111110000000000000000000000
11100010110010100100111011000101 11111111110000000000000000000000
00101110010110000100100101011100 00110110111010110100111010010100
11011110100011100010100010111101 11111111110000000000000000000000
10010110101010110101100000101101 11111111110000000000000000000000
10110010101001110010011001100101 11111111110000000000000000000000
