0001010110001011001010110010101101111010101100010001101111110101 0101011010110100000000111010110110010011110000010010001000100111 0000000000000000000000000000000010101101110000010010001000011011
0100001001001001111111111000010011010011101010001110010010100111 1111001111010111101001101110011111011100111011111001000010111001 1000111001100001100101100100110011101111101111011100110111111010
1010010011011010010101100100100101101101111001011011101111011011 0110010010111010000011111100100100101000100000111011000101010001 1000000000010000001010110100100001011001011110000110101000110000
1101000010111100010111101010000100010101010001101101110100101010 0111110100101010010001011111101010100010111001100010000001000101 1001001110000001010001101100111101101111000001011101011001001111
0100000110100001000001011000001110111110011101010100001001111100 1011100101000110000101000111001011111111010011110011110011111110 1100100001001000101010110100010111100010100111100010101011111101
1011010001010101111100100110100010110111110111111010101001101111 0100001101000110000011011000011001111000001000110010000111110000 1011000011111111110110001010011100011001000000110111001011010000
0001110001110001100101110011100000100000011101101001000101000000 1001010000001001011101100010100001111011000011011010100111110110 1100100001010110000110111010000110011111111001010111011101110110
1110001010111111000110101100010101100000001010000011000111000000 0011101001100010010111110111010000011100110111100111000100111001 1110100001001011000101100101111111110100101111000010001111001111
1101100001101010011010101011000000011110000111001000011100111100 0001010100100001100100110010101000110001001001001101001101100010 1111111111110000000000000000000000000000000000000000000000000000
0000101011101100001101010001010111110000101100010100111011100001 0000101111100010100111010001011110100001100010111110111001000011 0011111011111000001111110010001001010101100010000100101001000101
0110010010110101111000111100100111000011001101100000010010000110 0001001010010111110010110010010101100000111101101001110111000001 0111111111110000000000000000000000000000000000000000000000000000
1100011010011101101000101000110110101101011001111110001001011010 0000001111010110001001110000011100010110010110110111101100101100 1111111111110000000000000000000000000000000000000000000000000000
0000011000001010010111010000110010111000101011011110011001110001 1001110111100001011111000011101101011011011000001110010110110110 1010100000011000000111111100000100010000100001101100010110111011
1111101111011111110000101111011111001111000101001100111010011110 1010111001111000010110000101110000101010101110001111011101010101 0111111111110000000000000000000000000000000000000000000000000000
1001000000101010001110100010000011010000000010110001001010100000 0011100101100000000010010111001011011010001111011000110010110100 1001011010111010001010101010110011111001110001000000001100101111
0110111010001010111101011101110110000110110111001111000000001101 0010010110110000100110010100101110111100110011000100001001111001 0111111111110000000000000000000000000000000000000000000000000000
1100111101100011110110101001111011111110111100000110010011111101 1011110111100000110100100111101101000111111000100111001110001111 0101000101110010111000100011010010001101011001011000010011010101
1000000111000011100110100000001101110001110000010010100111100011 0000111010010010010000110001110101011000111110010011110110110001 1011001100100001001011000110110001011111111011010111111111100011
0010001000010001100111110100010011001010100111001011110010010101 1111000000011101001101001110000011110110101000010111100011101101 1000000000000000000000000000000000000000000000000000000000000000
0010100101111010000101010101001001111100000111100101101111111000 0100011011011100101101111000110110101001010111111100010001010010 0010001010001101000100001011000001101101011110110010011001111110
0100001000011001111001111000010000100011011010101111110101000110 1100011000111010100100101000110001001000010010000111110110010000 1011101111001111001100100000100010111101101111111011100001001110
0000101111101010110000010001011100110101001011010110000101101010 0100001001111011010101111000010011010101010110111011110010101010 0000100101011111010011111111000110100011001011100101001011110110
0011111001101111000011110111110010110000010100100000001001100000 0101110101001010010011011011101011000101101000010110000010001011 0010000100010010111001001011110100100001000010000101000000000101
1101001100011101111111101010011010010010100000110001111000100101 0001100100000101100000110011001011010001000001010000010010100010 1111101000000110010011110000011010011111111010010000110010101101
1010010010001111011111000100100110001010011001001011000000010100 1001111011001001110000000011110100100101111100100000001101001011 0100010110110011100100000010011100000001100000000111001000110111
1010111001101000001100000101110000100011100100000111010101000111 0100001100111110100101111000011010011100101011110111101000111001 1010101100011001010011010110001010110101001010101110100110110100
1101101000000101100010101011010001101000010100011110010111010000 1001011000100010010100000010110001000110011111000100010110001100 0111111111110000000000000000000000000000000000000000000000000000
0000001111101001101101110000011110110101001000100100000001101010 0000100010010101111110010001000101110100011010101111111111101000 0011101101000010101110011000111011100001101000011110101011000110
1010010111100111100111100100101100111001111001001000000101110011 0111011000101001010110111110110000010001111111100000010100100011 1000000000000000000000000000000000000000000000000000000000000000
0101001000001110111011111010010001100100111000010110010111001001 1001110010100111000001000011100111101111100000110111001011011111 1111010101010101100000010101110101011000001011011011110101110000
1110101001011000000101001101010000110011100000110110010101100111 0100111010100000010000011001110101011000001100010010010110110000 1101101110100111101100111010000101011110101011101000100111001010
0100000100010000001110011000001000100100110100101011111101001001 1110110010111001000110101101100100010000000000001011011100100000 1001010001000100101011100100100000000010101110010001100110110000
1000111000000101010011000001110001001001101100010110111110010011 0111000110110100011000011110001110010101010010111000001000101010 1000000000000000000000000000000000000000000000000000000000000000
1110010001110001111110001100100010101110110101110010111001011101 0001110100111111100111010011101001000010001001101010100110000100 1111111111110000000000000000000000000000000000000000000000000000
1001010110101001101010000010101100011100100011010111111100111001 1000100101111111000111000001001010101001011111110000000001010010 0100110000011010011001000010010101000001111001000110001011101110
0010110010000100100010010101100111101000001010111001011011010000 1011011101011001111010100110111001001011111101010010100110010111 1011010100011001010110111001111101100000101111001001001110011111
0110110110001011100001111101101101010011010100100111011110100110 0101110110000101110100111011101110000000011110010111110000000000 0100111111110100001011100101001001000010010111010000011001110101
1000011111100100010011000000111110110100111010001101011001101001 1000011001010011011000100000110000101100101010000001100101011001 0100000110000000110000010010101110011100110000001010011011010000
0110001011111101010010011100010101100111110101110011010111001111 0100100000111001111001011001000010101000111001001101100001010001 0101101010110010000110000110100100111010010001101111111111010101
1011010011111001101001000110100100111011100000111100110101110111 0010010100100011011001010100101011101100001101110101100011011000 1100111111000101001001110010011110010111110000000000110011011001
0100110111011101010011011001101111100010000011101001101011000100 0101110001111000101100011011100011011011111001101111001010110111 0011000101010010111111000111101001010010111100000101100110011010
1100001101111000111011101000011010011000010011010101101000110000 0011101111101101010100110111011101011010110101101100011110110101 1100011101111011001101000111110010101100101101000111011110100010
0110101000010101111101011101010000000011100001111000011100000111 0011101100001011100101110111011001110100101000011010110111101001 0110111011111001011110000000100010101110010110110011100010110000
0100010111100010100010111000101100000000111100100101111100000001 0110110110000000100010111101101111000000011101100100001010000000 0001100001010001111011101100101000111000000001011100011110111110
0110000100011101100111111100001011100010111011001101101011000101 1001100000100111111110100011000011010111101100101110010010101111 1111111111110000000000000000000000000000000000000000000000000000
1011001100000010110110100110011001010111111110111011100110101111 1111010011011000011011101110100101111100010000011010111111111000 0000000000000000000000000000000000000000000110001011000100010111
1000001101110110101011000000011011110111100001010111011011101111 0111000011101111001101111110000111001010101101000111110010010101 1000000000000000000000000000000000000000000000000000000000000000
1111011101110010001111101110111000110000010011100100110101100000 1111001010011100010111101110010110010100001000001110101000101000 0100010011000100100101000111010100010101011000100001011001111000
0011001000101111011111010110010000010100101101000011011100101001 1111000011101110101011101110000110111011101111000101001001110111 1000000100110000011010111010111110100100000011100000100011110001
0011011100010101000101010110111001000000101010101111010110000001 0110101010011111101110011101010100110100001101111101010101101000 0000110001100101010001000000111110010011011111101101010100001001
0111100001100010011100011111000011010101011110000000000010101010 0000011110011111110000110000111111111000110111000100100011110001 0111111111110000000000000000000000000000000000000000000000000000
1011111010011011101111000111110101000111001011101001010110001110 1111000101100001110111001110001000011110011001100100110100111100 0000110100101000110110000000001110111101100000000011101000010011
1101010010110101111001101010100101110111111010111011000111101111 1010110111100111110100000101101111010111101000100011110010101111 0110011010111101011011011111011111110001000100000011001100011010
0010010100000010100110110100101001011100110100100000110110111001 0000100110001110001011010001001100001001110010000011010100010011 0101101101100011101110110011001010001001001001010110110110010110
0011001011011100010000010110010100101000110001100010011101010001 1101101110011000001110101011011111001100100110000001000010011001 1001011100110010101010001001110100010000001101010011100011011001
1001110100010010000010000011101010111000111010100011101001110001 0011000101111100000001110110001011110010001101010110101011100100 1010101110000100100101100100001010000010101101011111110101100001
0001010100010011110111010010101010111110110110100100010001111101 0010110011101110010111110101100101110010110000111010001111100101 0010100000010100111011011010100101000100100100100111001111000110
0111011011011110011010111110110111100100101010000000000011001001 1010000010101110110011000100000101010111110000011101000110101111 1111111111110000000000000000000000000000000000000000000000000000
1110110110100111000111001101101111100110100101101110100011001101 0011100000010011100111110111000010000011001001101101010000000110 1111010110000010110110000111100101100111000010010100111010000000
1101000101001000001000001010001001011110100110000011110110111101 1011010101010101110111100110101001101110001111010100011111011100 0101101111100001101001110000101110010011100011110101001000101100
1010100001101100010111100101000010111101100001101111010001111011 1001001010011101010110000010010110111100001111111000010001111000 0101010110111110111011111000111011011110100001011000100111010110
0111101101111011100010011111011010101110001000111100111001011100 0001000111001100100110110010001100111100101100111010101101111001 0111111111110000000000000000000000000000000000000000000000000000
0110010001000110000001011100100011011101110100010100011010111011 1000011100001100111011100000111010111001100001111001010001110011 1111111111110000000000000000000000000000000000000000000000000000
0000011001110001000000110000110011100111000011111001100011001110 0110101000011010011000011101010010101100111011001101110001011001 0000000000000000000000000000000000000000000000000000000000000000
0101110010100010011011111011100111011001101110001100000010110011 0111101001001111101111111111010010111010111101001110001001110101 0010001001000010100101001110101000111001011100111011100101001001
0000011001101100111100010000110010011100111111000111101000111001 0000000101110010100100110000001010001010111011001011111000010101 0100010011101000111011100011010101101110000101111110010110011110
0000001011111011111110010000010100100111000111000100001101001110 0000000100111111001010010000001001011100011110010101000110111000 0100000110101100101110100000010011011001000010100111110110001001
1000010001111111101100100000100001000110111001110101001110001101 1101011110110100100011101010111101110100011100110011000111101000 0000000000000000000000000000000000000000000000000000000000000000
0100100001011001000010011001000001111010111101101010101111110101 1010011000100000100100000100110000111101100000101011110101111011 1110001000101000001011110111001000111000100111111111101111000001
1010000000000101101001100100000000010010101010010000001100100101 1000011011101011101101100000110110111000011111000001000001110000 0101100100001001000000000000011000101110101001100001000111111111
0001011011001011111110010010110110010100110111101101100000101001 0101111000100101010100011011110010011000011110110000100000110000 0000000000000000000000000000000000000000000000000000000000000000
0110000000100111001011011100000000101000011101100110100101010000 1101000011001111011010101010000100100110101111110011111101001101 1100111101000111100110111111010001001100011000010000010000100010
1111101011110011001011101111010101111010100001111010111111110101 1010111011101010110011000101110111001010010010000001001010010100 0111111111110000000000000000000000000000000000000000000000000000
1011010101011000101001100110101001011110011000000110010110111100 1101110001000011000010001011100011001111001100001001110010011110 0001100100000100101110001000010110110011100010010010001110101001
1111110101111001000001101111101000100011010000000000101101000110 1000001111111010011001000000011111001001110010111011110010010011 0111111111110000000000000000000000000000000000000000000000000000
1010101011011010011101000101010101011011110100111101101110110111 0010001011010101111100010100010110110001100000000000101001100011 1100011111110011010010100011111100111010110110010010111000111010
1010110010010011111000000101100110010011011100101100111000100110 1011010001001001011101100110100010001111011000111110010000011110 0011100000111000111110101100011010101101111001111110101110000011
1100100000111000111101001001000000101101000110011010010101011010 0000111001000011100001010001110001011100100110010110011110111001 1111100111100100011101001000100101101111011100101111001111010000
0101010110000110000111111010101101101000001001101101100111010000 0011011110111001011001010110111101101100011010100110110111011000 0101110110111011111000000110001111111010100111010111010010011111
1010001011001100100010000100010101000110110101101010011110001101 0100010111110011001000111000101101111110001001001001000111111100 1001110011000111110110100101011101010011010011010101010111111011
0110111000011110000111111101110011010010011111110000101010100100 0000110010010111100011010001100101010010101101010011001110100101 0111111111110000000000000000000000000000000000000000000000000000
1001111100111001100011100011111011111001100010111100000011110011 1010110001111000001011000101100001100010000001010110101111000100 0011001010110000111010100011111000111110111011111110011100011110
0010111000110110010000110101110000000011001110100100010100000110 1100110100011101010100001001101000001100000101100001100100011000 1010000100001000010011010110011100110000000101011011000100000100
1110001011110000011001101100010101010101000101011101000110101010 0000110100010010000000110001101001100001110110111101010111000011 1111111111110000000000000000000000000000000000000000000000000000
0101100100110100111010011011001000000110001100110110001100001100 1111010011110000000011101110100101100001110110101111110111000011 1010010000110100110101100100011010011000100110011001000001111000
0111010110101101011100111110101101111100001011011011100111111000 0111100100101100000000111111001001000100100000111010110110001001 0011110001110000110100100010011110100101110010001100100111011011
0011011110001100011100110110111100001101111000010100101100011011 1101011010100001001010001010110100110100010011011100000101101000 1010000011011010100001111000010011000101100101010001000010101010
1001001011111001000100100010010101100111111010000101011111001111 0101010111011101100011011010101110001101100101001101001000011011 1000000000000000000000000000000000000000000000000000000000001110
1100000000111011001111101000000000101110110101101101100101011101 0100000100101101111111011000001010000010001101000100001000000100 1011111011111101000100011110000101100011010000000110111001101111
0010101110100111101001010101011100011011001101101000101100110110 0001100101101010000000110011001010111100111000110010100001111001 0101001000101101000101101010111111010011001011001001101110001001
1111001001001011101011101110010010001011010000101110110000010110 1101010101111111111011001010101001100000010100000110010111000000 0101110010111011101111111010100010010110111011001110110100111010
1001011101011001100010000010111001000110011001010011011110001100 1011100011000000110000100111000101111101111111101000111111111011 0001111010001000010111111111010111011011101100110111100001011010
0101111001010100001000011011110011101110011100000110100011011100 0000101111101100010101110001011111100000111000000000010011000001 0111111111110000000000000000000000000000000000000000000000000000
0111010111111011001000011110101101011010100111010011101110110101 1100010011111101001011101000100111000111101100101110001010001111 1111000011101101110000001011011101101010001010101001011011011100
1101111111110110111101101011111111011000010001100010101010110000 1110100110110100100110101101001111101011000111010000001011010110 0011011000110001110101001111010011000100110010011010100001010101
1100000101000100110011001000001000001101011000110111010100011010 0011100011100110101001110111000111101011100010000000010011010111 1100100001001101011000010010000011010101100010100001011101001010
1000011101100010100011100000111011111000110001110001010011110001 0110011010000110000111011100110100000010101111010100001100000101 1000000000000000000000000000000000000000000000000000000000000000
0000111000111010111010110001110001001100000110001100011110011000 1111011001110000100010001110110010010101010000011101011000101010 1000000000000000000000000000000000000000000000000000000000000000
1011001011010001010010100110010100011011100100100000010100110111 1000000111111010001101100000001111111111011100101001111011111110 0111000011000101000111000000001111101110100001010100011101001011
1111111010101101110111001111110110011111011110100000111000111110 1111010000111010001101001110100010111010011000000011100001110100 0100101001100010001110111000000111011100011011010001011001111001
