0001001000010101001101010010010011000000100010010101111010000001 0010100100000010011010111011000110111000110011000100011110101100
1000010010000100110101100000100110110001111100000101011001100011 1111111111111000000000000000000000000000000000000000000000000000
0000011010111001011110110000110101000110110111111001100110001101 0010001101010100001100001111110010000100111000000110001110111000
1011001011000010100001000110010110001001001101110101001000010010 1111111111111000000000000000000000000000000000000000000000000000
0000000011110011111000110000000100000110110101111100110100001101 0010000001110001110101100111101100111101011001011011100111011110
0011101100100011111100010111011000011110100011011100110100111101 0011110110001001010000110010010010100001111010100010010010100101
0111011011010100010101111110110101000110001011011111011110001100 0101101101100010000010101001111100110101110001001010110010011010
0111110011111101111010011111100111100011001101110010010011000110 0101111001110101111000001010000110011000011100011100001110110111
1110001011110111100001001100010111010101000100111101001010101010 1111111111111000000000000000000000000000000000000000000000000000
0111001010101111111101111110010110111011110100100111001001110111 0101100101001111111110111111001010011100001110011111001101010110
1000100100110010110101100001001001000111111011001101101110001111 1111111111111000000000000000000000000000000000000000000000000000
0111100100110000011010011111001011100111011101101001011011001110 0101110010010000001101001010001011011111001010010000110001101011
1111010000000000011110101110100011100010110010100100111011000101 1111111111111000000000000000000000000000000000000000000000000000
0010111001011000010010010101110011011110100011100010100010111101 0011011100100011101101100110101010010101011110010001110001101010
1001011010101011010110000010110110110010101001110010011001100101 1111111111111000000000000000000000000000000000000000000000000000
1011000111101111011000100110001100000101011100111000011100001010 1111111111111000000000000000000000000000000000000000000000000000
1100000000111011001000101000000000010000011001000010000100100000 1111111111111000000000000000000000000000000000000000000000000000
0101010101111000010001011010101011001110110011001100110010011101 0100101010110011101101001110101010010101100100001110110101000010
1100101100100000001111101001011010001001100000111011100000010011 1111111111111000000000000000000000000000000000000000000000000000
1000011010111100001110000000110110101001101001111101011001010011 1111111111111000000000000000000000000000000000000000000000000000
0011010110011111110111010110101111101010101001100010101011010101 0011101011000110100101000110000101101000000111001100001000011100
1000000100010111010010100000001011010111010101100011111010101110 1111111111111000000000000000000000000000000000000000000000000000
0000111011111111111010010001110111100111110001010111001011001111 0010011101110110100110001000010111001101100000100001111111010111
0001000110000100010010010010001100000101000010010110010100001010 0010100010111001011110100110111110111000000110010101100010011100
1110010101110011000010101100101010011110001100010100110000111100 1111111111111000000000000000000000000000000000000000000000000000
0111100101101000101111011111001001000101001011100110000110001010 0101110010101100001000110100111110011010011100010110111111110100
0010000011000100101100110100000111101100010010110011010011011000 0011000001011001101111001011110111100001110001110110100101001100
0011110000100000111100110111100011000100100010100001001010001001 0011111000000111010010100100101101010011000111000001011111001000
0111010111000101000011011110101101011011000000100110010110110110 0101101011011001111101001101110100110111111110000000101101000010
0110001101001011111110011100011001010111000101010001001110101110 0101000110011101111010111001011000001001001101000001101010001100
1101111001110101000000101011110000010101000011111101110100101010 1111111111111000000000000000000000000000000000000000000000000000
1000010111010111100110100000101110111000100101111011111001110001 1111111111111000000000000000000000000000000000000000000000000000
0100001011110010010000011000010100100111111100100101010101001111 0100000101110001000101110011110111010101010010100110111000001111
1001110111001100011000000011101100011101000001100011001100111010 1111111111111000000000000000000000000000000000000000000000000000
1011111100100011001100100111111000001010101010100100101100010101 1111111111111000000000000000000000000000000000000000000000000000
0111100011011001100110111111000101101100100111000100101111011001 0101110001100100001111100000000001110110110011100011011101001010
0011000100100011000001110110001000100110001101011111101101001100 0011100010001000101011010010011000101011100010111011110111001011
0100111110100001010101011001111101000111101110011010000110001111 0100011111000111100011010101100001010001000010000011010000000111
0111110001101101101010011111100011011011110011010110000010110111 0101111000101110110011110101000111110110101101010010011011000100
1100111111000100010101101001111110101110011111011001010001011100 1111111111111000000000000000000000000000000000000000000000000000
1010110111001011110000000101101101000100110111100011011110001001 1111111111111000000000000000000000000000000000000000000000000000
1010010010101110001100100100100111101000001000110011111011010000 1111111111111000000000000000000000000000000000000000000000000000
1110101111111110110000001101011110101000110001111111110001010001 1111111111111000000000000000000000000000000000000000000000000000
0100101100100001001011111001011000000110000111010111111100001100 0100010110000111011100110111001100100010000100100101011111000110
1110000100101100110011101100001001100100010101111110110111001000 1111111111111000000000000000000000000000000000000000000000000000
1011101110000010010110100111011100011110111100101110110100111101 1111111111111000000000000000000000000000000000000000000000000000
0000100100001100110110110001001010111111000001010000000001111110 0010010001111110011000110010000111110001100001011010010001110000
0011011011100101100000010110110100011100110110011110011100111001 0011101101101010001110111010111111011101111000110010110010110000
0000111111010010100011110001111111101001111010111111011011010011 0010011111100001001110110110101011110010000100101011111101101110
0100001011011001001011111000010110111100000101001000100001111000 0100000101100100000100101111100101001011001100101101100110100110
0010110111011010010110010101101100100100100010110100101101001001 0011011011100100100010000101001111010011111001110001101000001010
1001111111110010101011100011111100010101000011001010111100101010 1111111111111000000000000000000000000000000000000000000000000000
0010110000010101011000110101100011000011001111110011100010000110 0011011000000010011111111011011110101101110100110010101011110000
1100011100011010000011001000111011001110001011111111001010011100 1111111111111000000000000000000000000000000000000000000000000000
0111110100110101100110011111101010010011011111011011110000100110 0101111010010010100101110100100011110010010111011000111101011110
0011100110010110000101110111001111010001100010111011010010100011 0011110011000010110011001111100110111001111010010111001000100100
1001011110011001101010000010111111011001110100101001001010110011 1111111111111000000000000000000000000000000000000000000000000000
1010111111011000010101100101111100100010001010010000110101000100 1111111111111000000000000000000000000000000000000000000000000000
0111101111111000111111011111011111100101100110110011011011001011 0101110111110011111111110010111111110001001101110001010110111100
1111001100001001000110101110011000101101001010001101101101011010 1111111111111000000000000000000000000000000000000000000000000000
0001010011001111110000010010100111110110100000101110001011101101 0010101001011111111000001000010101111111101010101010010001111111
1110110101010011011011001101101010110010100111111011011001100101 1111111111111000000000000000000000000000000000000000000000000000
1101101010001010111000101011010111101111101111101001010011011111 1111111111111000000000000000000000000000000000000000000000000000
0011110011110001000110010111100100100010001100011111111101000100 0011111001110000100010100110011000000000000100110011100101011001
1110100001110100000011001101000000010101000010010000101100101010 1111111111111000000000000000000000000000000000000000000000000000
0101010111110110101011011010101100000111011011111100111100001110 0100101011110011000011000111100111001111100111101011110110001011
0110111001011101101011011101110011001101010111101011110010011010 0101011100100101110010101001101100100010011010110011110000011010
1111111011011111011100101111110111100001111100010000001011000011 1111111111111000000000000000000000000000000000000000000000000000
0010101100001110111011010101011000100111011110011110100101001110 0011010101111111011101010111111101010111111001010101111110110000
1011001111011001011101100110011110000101001100010011010000001010 1111111111111000000000000000000000000000000000000000000000000000
0101101101101111101110011011011010011100000011101000101000111000 0100110110101111110111001100011111101100100000001100111111011011
0011110011010001100001110111100111011100001010111100010010111000 0011111001100000101111110100010110100110000011111110110011000000
0100101001110100101111111001010001001001110001100101110110010011 0100010100110010001110000101101101110101000111111101111101111010
1000001000111111001011000000010010101100101101111100101001011001 1111111111111000000000000000000000000000000000000000000000000000
0110110111001011011010011101101110100110111111001101111001001101 0101011011011101100111100011110000111111110001010101100101001011
0110110010110000101101111101100110110110101001000010011001101101 0101011001010000010110101110101010001101010000000101010100011100
1011101101000101111000100111011001100101001110110100100111001010 1111111111111000000000000000000000000000000000000000000000000000
0101101100010111001011011011011001001010100100110111000110010101 0100110110000011010000011111010100110111010111111011100011110100
1010001100000111000110100100011000000010011101001001101100000100 1111111111111000000000000000000000000000000000000000000000000000
0111101111010010011000011111011100110100100110000000011101101001 0101110111100001001001100110011100010011000000101010111111101000
1101101001101110101110101011010001000100000000011000110110001000 1111111111111000000000000000000000000000000000000000000000000000
0001010001111100110110010010100010010110100100000000010000101101 0010101000110101011110111111011011101000111011011110001010011110
1110001111000101001100001100011110010111010111001001110000101110 1111111111111000000000000000000000000000000000000000000000000000
1000010001110111111001000000100000001110010000010100010100011100 1111111111111000000000000000000000000000000000000000000000000000
1111111010100111101001101111110100010100100111100000011100101001 1111111111111000000000000000000000000000000000000000000000000000
1000111000110111100100000001110001000011001101010110011110000110 1111111111111000000000000000000000000000000000000000000000000000
1110110100110100000010001101101010011110101101111100011000111101 1111111111111000000000000000000000000000000000000000000000000000
0011001101001110101001110110011010111000010101011100010001110000 0011100110011111010100011101100101111010100111100111000001000000
1011100111110101000001000111001101011101011100011001100110111010 1111111111111000000000000000000000000000000000000000000000000000
0010111100111010101100110101111001111101010001110111100111111010 0011011110010100101010110100100001011010001100000011010110001000
0110101010001110000001011101010110001101001001001111011000011010 0101010100111110111111101110000111010000000100110101100101100001
1101110011110000000000001011100100011011100001110110000100110111 1111111111111000000000000000000000000000000000000000000000000000
0100101100100111001101111001011001100000001110010010000111000000 0100010110001011010000011101000000000011011111001110100011011110
0001001100100101100111110010011011011011010001100001101010110110 0010100110001010010011011100101011101010111001010111111010111111
0011111010011001100000110111110101101110010111110000111111011100 0011111101000100001101000101010000011101100011101011000010111001
0100001101100001010101111000011000111100000000111111111101111000 0100000110100111100011101010001100010111001100010101110010001101
0011111101011010100110110111111011101101100011011000000011011011 0011111110100100101000100000100011001010111111011010010010011101
1110011111000011101101101100111100111100111011010010101101111001 1111111111111000000000000000000000000000000000000000000000000000
1111110100101000111001001111101010110000101111001110111001100001 1111111111111000000000000000000000000000000000000000000000000000
0000101110010100000010010001011111010000111101010111100010100001 0010010111000001111001111000100000101101010100111001101000100110
