01000011011101111001000110000110 01000001011110111011111110111010
10101000011000111001011001010000 11111111110000000000000000000000
01111010100011000101100111110101 01011101000001100000100010010100
10011010101101001000100000110101 11111111110000000000000000000000
10010100100110101000101000101001 11111111110000000000000000000000
01100000101100010111010111000001 01010000000101101011011011101101
11100010111001010111010011000101 11111111110000000000000000000000
11001100000000011011010010011000 11111111110000000000000000000000
00100101101100100111101101001011 00110010100101110010010111010100
10111001100011000100001001110011 11111111110000000000000000000000
11110110001000101110011011101100 11111111110000000000000000000000
11000101010100000001011010001010 11111111110000000000000000000000
00100111010110001101000101001110 00110011011010111001100001111100
11010100010010111000000010101000 11111111110000000000000000000000
01010100100111101111110110101001 01001010000011101010100000000110
11010000110010101000110010100001 11111111110000000000000000000000
00000111000010111011100100001110 00100011001111010010000010001000
11110011001101000110011011100110 11111111110000000000000000000000
11001111110101101100000010011111 11111111110000000000000000000000
00010101001011111011010100101010 00101010010101000001011001101111
00010101010110100001110100101010 00101010011011000100110010000100
11000110101101011111010010001101 11111111110000000000000000000000
01001111011101011111111110011110 01000111011110101111001100001110
10011100011011011110011000111000 11111111110000000000000000000000
10111100110011111010100001111001 11111111110000000000000000000000
01100100011001001110001111001000 01010001111100100001000011001111
01100101001000110100010111001010 01010010010011000111000111110000
00001001111111110100000100010011 00100100101101001100000101100110
00110101101000001100100101101011 00111010100011110111010110110100
11100011101101111010111011000111 11111111110000000000000000000000
01011011000010111101110110110110 01001101001111010011100101010110
01011101000001011001110110111010 01001110001110001111001010101010
01100010000101101010101111000100 01010000110001000110010110011111
01011100100000101001010110111001 01001110000000010100100100110101
01001001001011111101001110010010 01000100010101000010100011001000
11011010001001101001101010110100 11111111110000000000000000000000
00111111101110110011101101111111 00111111100110101100111100001010
11000011001100111001000010000110 11111111110000000000000000000000
01111101011011011111010111111010 01011110011101101101000011010000
11111001001001111001010011110010 11111111110000000000000000000000
00011001010001010010000100110010 00101100011000001010010100000100
11011110110011100101111010111101 11111111110000000000000000000000
01000010010011111100110110000100 01000000111001101010010101011000
11110010010010011010010011100100 11111111110000000000000000000000
01100101010000111100111111001010 01010010010111111110010001110010
01010100101010000111100110101001 01001010000100101101100110000101
11010000100101011010100010100001 11111111110000000000000000000000
01000111011001011010100110001110 01000011011100100111100101001100
11111101100010110110101011111011 11111111110000000000000000000000
10000101111001010001111000001011 11111111110000000000000000000000
11110111100000101001000011101111 11111111110000000000000000000000
01100100110010000011110111001001 01010010001000000001100010110101
00011011011000001110010100110110 00101101011011111111000110110110
10111010101100010100100001110101 11111111110000000000000000000000
11000111111010000101011010001111 11111111110000000000000000000000
00110101110011011011111101101011 00111010101000100100100001100110
01000100011001011110011110001000 01000001111100101001101000000010
11010111001111111011010010101110 11111111110000000000000000000000
01001101111100111000000110011011 01000110101100001000110000000000
01001001001111100100010110010010 01000100010111001011001111010100
00010100010001001101111100101000 00101001111000000111111101100000
10010110100001001110000000101101 11111111110000000000000000000000
00100101101101110101111101001011 00110010100110010011010001100000
11100001011010011011000011000010 11111111110000000000000000000000
10001111000111001111011000011110 11111111110000000000000000000000
00000110101100110000010100001101 00100011000101110110000000011101
01110110011110011111110111101100 01011010111111001111101001100101
00001100000000111001110100011000 00100101101101111000111010001010
01101000101011100001101111010001 01010100000101010100100011011111
11000011011101100001110010000110 11111111110000000000000000000000
10100000110000000010010001000001 11111111110000000000000000000000
10011101101111110110010000111011 11111111110000000000000000000000
01101100010001001111100111011000 01010101111000001000111010010111
00101001111011111110100101010011 00110100101011110011110100100110
10101011000110010110001001010110 11111111110000000000000000000000
10101101101011000010001001011011 11111111110000000000000000000000
11110001011001101111101011100010 11111111110000000000000000000000
10000010011100111110001000000100 11111111110000000000000000000000
00111001101011000000001101110011 00111100100101000110001000111010
11101100010100001011010011011000 11111111110000000000000000000000
00001001001111100100110100010010 00100100010111001011100000101101
11011100000000110100010010111000 11111111110000000000000000000000
10011100100000010001001000111001 11111111110000000000000000000000
11110010100001111011011011100101 11111111110000000000000000000000
11010000110001011101110010100001 11111111110000000000000000000000
00010101100010010000111100101011 00101010100001000111001111000011
01000000100100000101110110000001 01000000000001111110111111000100
01100100000110111000010111001000 01010001110001111000100010101110
00010011101101010101010100100111 00101001100110000101100110100101
01010000110101011111100110100001 01001000001001010111111011100100
10001111100011000110111000011111 11111111110000000000000000000000
10000010001000100011101000000100 11111111110000000000000000000000
00101100001011010010001101011000 00110101110100101000011111110110
11001011010111001000000010010110 11111111110000000000000000000000
00001010011011101001001100010100 00100100111101110010001000111100
10001001000110011011010000010010 11111111110000000000000000000000
11001011001000100111000010010110 11111111110000000000000000000000
11011000101011001110001010110001 11111111110000000000000000000000
00101010110000101101010101010101 00110101000111011110101101111000
11110110110000111000111011101101 11111111110000000000000000000000
