0101100000001001100010011011000010000011011000011101110000000110 0100101111111100100101100011111101110110110011101111001110011100
0000100100010110010011010001001010110100011010101111110001101000 0010010010000010111000111011110011110110001011110000110011111110
1110001010111010000000001100010111111111001000000010111011111110 1111111111111000000000000000000000000000000000000000000000000000
0001101100001111000011010011011001111001100111110000100111110011 0010110101111111100001011011000110000001001010111011010101111100
0111110111011101101010111111101110110101100011010111110001101011 0101111011100101110010011110101010000001100101011001000011010001
0000101111001011101111110001011110000111110100000011011000001111 0010010111011101110011000010001111111110001101000011010100110110
1000101001000111101101100001010000010101000000000000010100101010 1111111111111000000000000000000000000000000000000000000000000000
1101001101100110011011101010011011101010011101100010011011010100 1111111111111000000000000000000000000000000000000000000000000000
1110010110101100000100001100101110110101100001111100001001101011 1111111111111000000000000000000000000000000000000000000000000000
0000001001110111111010110000010011111010010010000011001011110100 0010000100110011100011111111101101111110000100011000111001000010
0100011010001011011000011000110111110000111010100111000011100001 0100001100111101100110011011111110010100000111100110011101010110
0100001011100011101111011000010111011100100110010111010010111001 0100000101101001001000100010100111011001010000001010111010011000
1110010011011111000101101100100110110000010111111000111001100000 1111111111111000000000000000000000000000000000000000000000000000
1010001101100100001100100100011000011110011101001100101100111100 1111111111111000000000000000000000000000000000000000000000000000
0001101110000101010111110011011100101100000011000101010101011000 0010110110111010001001101100100111110000111001100000101011011000
0011100111010110010101110111001110000111011110001101001000001110 0011110011100010111010000010000110100110110011001101000110001100
0110111001101101001000111101110000011000001111111100001100110000 0101011100101110100010010101110100001001111001001000111101000101
0110100001000101111101011101000000000000011100111110010100000000 0101010000011010100000100100110100101111001001000010000000110110
0010000110000010000011110100001101111100011011101001000111111000 0011000010111000000010100010101011010110010010100011001001010010
1101000010111001100110101010000100101001110000000001111101010011 1111111111111000000000000000000000000000000000000000000000000000
0100110001011000100011111001100000101111111011110011110101011111 0100011000100011110100101101011010101111101001101010001110111110
1100001110111110100100101000011111111101010111110101101011111010 1111111111111000000000000000000000000000000000000000000000000000
0001011010011001110100010010110110111000011101100000001001110000 0010101101000100010100101111111110101011001010001110001101100011
1011010110110100111010000110101110011000110101110011100000110001 1111111111111000000000000000000000000000000000000000000000000000
1000100100101111110000000001001000000110010100001101111100001100 1111111111111000000000000000000000000000000000000000000000000000
0000011011011011011010110000110100001010110011010001001100010101 0010001101100100111100011110011111011011100101011010111100001000
0010000000110001000001110100000001001010011000111000110110010100 0011000000010000100000011001001101110101101001011011101111111011
0010101000011011101000110101010011000000011000100000001010000000 0011010100000101000001110101101111110010111111101101100011000101
0000100110001101000101010001001111100001111000111000011011000011 0010010010111110100000011001110101000101110010101001100110001001
1111011010010101110111101110110111101110010011101110011011011100 1111111111111000000000000000000000000000000000000000000000000000
1011110001111000000100000111100000010011110101000000110100100111 1111111111111000000000000000000000000000000000000000000000000000
1010111111101101001001100101111100010001110000000101101100100011 1111111111111000000000000000000000000000000000000000000000000000
0101010110010110111010111010101100011100010000100001011100111000 0100101011000011001001100111000111111110001001111110000000001010
0001000101010011010011010010001001100100111100101011110111001001 0010100010100001100100101100001111010101011101111000110000010100
1110001111101011010011001100011111000001010000000110001010000010 1111111111111000000000000000000000000000000000000000000000000000
0110011101010100110101111100111011100011100011100010001011000111 0101001110100010010000101111101111000011001000010011111010101100
1001001001111111101001000010010001101101101000110110111111011011 1111111111111000000000000000000000000000000000000000000000000000
1000010001100101000101000000100000111010110000100110111101110101 1111111111111000000000000000000000000000000000000000000000000000
0101101011010011000111011011010110001101011111010111001000011010 0100110101100001011111010001111110001111000111110111101110010010
0001110000101010000100110011100011000001001000110011101010000010 0010111000001100111000101101001011010111101111110011001010010000
1010110000000101101000000101100010101000010110100110101001010000 1111111111111000000000000000000000000000000000000000000000000000
1101000110001000100110101010001101010010010000111110001110100100 1111111111111000000000000000000000000000000000000000000000000000
0011001011000011110111110110010101110101001111000001011111101010 0011100101011001001101111011000011111011100010101001110010100101
0000001101110000001110010000011010101010000100111000000001010100 0010000110110000000111000110101000011001111111000111101000010110
1010110111110011010000000101101111100100010101011111000011001000 1111111111111000000000000000000000000000000000000000000000000000
0010010001100111001110010100100010011011111110001111001000110111 0011001000101011010000101100111011100100010101100010110101011010
0111110000011101111100111111100011011010100010010011001010110101 0101111000000101111001000100100100001001000010011111101101010011
0010100011010110101010010101000101000001101011101101010110000011 0011010001100011000010101010010111110111010111100101100010110100
0100110110011110111000111001101100011010101000001101110100110101 0100011011000110001110110010111010011101111011010011011001100110
0101100000010110010100111011000011111101110111111000001011111011 0100110000000010111001101000101001001110100111000110010111001000
0010011110001101101110110100111110011000010011011010011000110000 0011001110111110110110000101000110111111111011011011111000100110
1000110000111000110001000001100011101110100000010001100011011101 1111111111111000000000000000000000000000000000000000000000000000
1010001101101010111010000100011000110000111000100000111101100001 1111111111111000000000000000000000000000000000000000000000000000
1010110010010111010010000101100100101010111100010111001101010101 1111111111111000000000000000000000000000000000000000000000000000
0001011110001011100101110010111110000101110011100101000000001011 0010101110111101101101101010111010110000000000010111001110110000
1110111100011101111010101101111011101001110100100010110011010011 1111111111111000000000000000000000000000000000000000000000000000
0001010001000101101100010010100001110100110111000110100111101001 0010101000011010010110001011110010001100000000100001110011001101
0010110001010111011110010101100001101010101001001010000111010101 0011011000100011011000010100011100100110001100101111101100010100
0110000111011011111001011100001101101010001011000001001111010100 0101000011100101001000001001001010110100100110111001110101110100
0101001000111001011111011010010000111111001001011110111101111110 0100100100010100001100100000001100101010111100000110000000111100
0110101100101001100111011101011010000111111011101100100000001111 0101010110001100101000011000010000101011010101110100101101011010
1100000110110000010001001000001101010000011010101110111110100000 1111111111111000000000000000000000000000000000000000000000000000
1100000100001111000001001000001001011111111000111100101110111111 1111111111111000000000000000000000000000000000000000000000000000
0010001011101010110110110100010110111011101111000011111001110111 0011000101101101010100001101000001011010110110010000101010011100
0010001010011101000010110100010110111010100101000001000001110101 0011000101000101100011101001011111111000001011110000000100000001
1111110001100111000010101111100001100011001100100011101111000110 1111111111111000000000000000000000000000000000000000000000000000
0011011000000001010110010110110010101000010011100101100001010000 0011101011110111100011111110110101101110110111010001010000000010
0001100010111101011000110011000111001110000100001111111010011100 0010110001010101101011110010000001011111000111100000010111001001
1101111000110010010111001011110011010111111000110001111010101111 1111111111111000000000000000000000000000000000000000000000000000
1000011100101101001011000000111010110100111001000110011001101001 1111111111111000000000000000000000000000000000000000000000000000
1101100101011011010000001011001011101111001000001001111011011110 1111111111111000000000000000000000000000000000000000000000000000
1100001011101000011101001000010101010101010111000000111110101010 1111111111111000000000000000000000000000000000000000000000000000
0001010000000111111100010010100001100001000011101101010111000010 0010100111111011101011011110011111011110011101110100110011111110
0100110100100000000010011001101001101001111001110101000111010011 0100011010000110101001110110011110111110010111111111011000000100
1101110100010001000110101011101011111101111010110111110011111011 1111111111111000000000000000000000000000000000000000000000000000
1100010111001111011100101000101101100001000100010100110111000010 1111111111111000000000000000000000000000000000000000000000000000
1110011001001000001010001100110000111000111001100001001101110001 1111111111111000000000000000000000000000000000000000000000000000
0100111101001001000000011001111000110000100111001101101101100001 0100011110011100010010011011000001001001011011110011101100011110
1011110111100011010010000111101111011111100110111101000010111111 1111111111111000000000000000000000000000000000000000000000000000
1100100010000001101111001001000111100000011000001001100011000000 1111111111111000000000000000000000000000000000000000000000000000
0010110010101001011000110101100110111111010100111011010001111110 0011011001001100100000001100001000010111111111001110000101110010
0010101000011101011100110101010010101000111000101110001001010001 0011010100000101101101010001001110010001100010110110111000001100
1010010011011110001010000100100101110011111110100111110111100111 1111111111111000000000000000000000000000000000000000000000000000
0001001000111010101011110010010001000001101101011101010110000011 0010100100010100101010011010010101101000010100011010010111001010
1010110111101110000000000101101101011100110111101010000110111001 1111111111111000000000000000000000000000000000000000000000000000
0100101011111110101111111001010110111011100100110100101001110111 0100010101110110001011100011010001111001001010000011001011111101
1111100011011010000110101111000101110011001011000101111111100110 1111111111111000000000000000000000000000000000000000000000000000
1101011111100001101011101010111100000010001110001110000100000100 1111111111111000000000000000000000000000000000000000000000000000
1000100101100100011000000001001001111110001010011011001111111100 1111111111111000000000000000000000000000000000000000000000000000
1101010110111010010010001010101111100010000000111111000011000100 1111111111111000000000000000000000000000000000000000000000000000
0001111111111011100000010011111111100001001100100101011011000010 0010111111110100111110100110000010111001101100101001111001110011
0011100110001010000110010111001100101101010011011001101101011010 0011110010111100111001100100010111001001111111101011001101100110
1101000001100110111001001010000011111111011100111100101011111110 1111111111111000000000000000000000000000000000000000000000000000
0011101000001001011010110111010001011101100001101011011110111011 0011110011111100100001010100111001001110110001001100000111110110
0111000100110010101110111110001011110001011010010100100011100010 0101100010010001010100000010011001010011101010011100111011101010
1110111111110011010011001101111111001100000100111110001010011000 1111111111111000000000000000000000000000000000000000000000000000
0100111111011011111011011001111100001000000101111100101100010000 0100011111100101001000111000110000110110000010111010110011000000
0111100100010001100010011111001001011110111010010111101110111101 0101110010000000110000000111001111000000110010001010000000110001
0101010110111100001001111010101101011010000010100000111110110100 0100101011010101001110010111100010111010110001100011011101011000
1010101000001000101011000101010001000100111001111001101110001001 1111111111111000000000000000000000000000000000000000000000000000
