Single Precision
________________
# Extremely small normalised numbers

-1.1754943508222875079687365372222456778186655567720875215087517062784172594547271728515625E-38
10000000100000000000000000000000

1.175494490952133940450443629595204006810278684798281709160328881985245648433835441437622648663818836212158203125E-38
00000000100000000000000000000001

4.701980766405464411435916365839982607073377299717010589672859042077550373317507137471693567931652069091796875E-38
00000001100000000000000000000110

-3.94430734729150100054866195138162048175565894034245127686144627432440756820142269134521484375E-31
10001101000000000000000000000110

6.26930305491369718118610729998748806410849563288985964788499344606427510218082943538320250809192657470703125E-37
00000011010101010101010101010101

-2.350988561514728583455765982071533026645717985517980855365926236850006129930346077117064851336181163787841796875E-38
10000000111111111111111111111111

1.0685804763856118773738447074931652892706941164695140996667398203268106726682162843644618988037109375E-33
00001000101100011000110001100011

-1.17682642514247467907635663456412107209306057377403533740138397538908289485792835193933569826185703277587890625E-38
10000000100000000010010100100010

1.1951214976330066257909226632576375591198294176347867520142899074898912292752584107802249491214752197265625E-38
00000000100000100010001100100000

9.992948577103307175000554316226382970849044153586237281254944591311895063512338310829363763332366943359375E-38
00000010000010000000010001011000

2.53311878073386113196574222853333794093828951958340123251645081836613826453685760498046875E-29
00010000000000000111000111000011

9.95350781954252605202534037882166305489497315129210526507552714292614837177097797393798828125E-31
00001101101000011000000101000001
...............................................................................................................................................
# Extremely small denormalised numbers

1.40129846432481707092372958328991613128026194187651577175706828388979108268586060148663818836212158203125E-45
00000000000000000000000000000001

-1.40129846432481707092372958328991613128026194187651577175706828388979108268586060148663818836212158203125E-45
10000000000000000000000000000001

1.84250148971287870015527861377749609496224625506216239204209650427734347444275186944651068188250064849853515625E-39
00000000000101000001000000100101

-3.30608486818000524024742612958548241844565327973120553682222295924946799117183360294802696444094181060791015625E-39
10000000001001000000000000000101

1.175494210692441075487029444849287348827052428745893333857174530571588870475618904265502351336181163787841796875E-38
00000000011111111111111111111111

-7.60607990853938808292549333054766997065350818907270242720475579675971922188892904159729368984699249267578125E-40
10000000000010000100100001000100

3.40404403862709590240742036983494729551893127104002524836267257470306772659807137415555189363658428192138671875E-39
00000000001001010001000100010111

3.92349416896459099206227953652385288605547413079811463282684373099474216262105841224183677695691585540771484375E-39
00000000001010101011100100011011

1.175494210692441075487029444849287348827052428745893333857174530571588870475618904265502351336181163787841796875E-38
00000000011111111111111111111111

1.40129846432481707092372958328991613128026194187651577175706828388979108268586060148663818836212158203125E-45
00000000000000000000000000000001

6.637311833406926348381365815354352512118737019223559519621311237648486613949216916807927191257476806640625E-39
00000000010010000100011000100000

5.11763027351748440648892863313852097615178726823537381895043406806740209080697212584709632210433483123779296875E-39
00000000001101111011100111011111

8.9393901739720936792021454019155259510763143820532534067477146416517454208250370584210031665861606597900390625E-39
00000000011000010101011101100010
...............................................................................................................................................
# Extremely large normalised numbers

283568632339978851668922031544056414208
01111111010101010101010101010101

-170141173319264429905852091742258462720
11111110111111111111111111111111

340282346638528859811704183484516925440
01111111011111111111111111111111

-19765612539300025633315673826545106944
11111101011011011110101101111111

-84385178121293613141371990421608071168
11111110011111011110111111111010

-243811686333375418862665728
11101011010010011010110100100010

-115558318832469264431974626048281149440
11111110101011011101111101110010

NaN
01111111101000011000000101000001

Infinity
01111111100000000000000000000000

-Infinity
11111111100000000000000000000000

234532094030145451904989849476870963200
01111111001100000111000100111101

482950753711469808479446687115378688
01111010101110100000011010011111
...............................................................................................................................................
Double Precision /////////////////////////////////////////////////////////////////////////////////////////////////////////////////////////////
________________
# Extremely small normalised numbers

2.25987462291075501137916498322E-308
0000000000010000010000000001000000000100000010001000001010000001

1.81833143330549350585099286859E-307
0000000001000000010110000001000100000100100101100010001000001100

3.34962321225119471073878602836E-306
0000000010000010110100010100011010010101101111101100101001000010

6.92483862871114944527220616997E-299
0000001000000111001100000000010011110100011101101110100001000010

-3.26270538046514132442608644186E-308
1000000000010111011101100001110001111101111101101110100001110100

-2.48813162827895921990943423313E-302
1000000101010001000100000001000001001001011001010000010110010100

-2.52511378641580039197015389084E-270
1000011111110101010110000001010001011111011001010000000110010100

-5.25804374068410963055640162857E-220
1001001001100111110000100001000001011110011101010000000111011001

4.54739951191381194732312513391E-148
0010000101010111010000100010101001111011000111010000001000001111
...............................................................................................................................................
# Extremely small denormalised numbers

4.94065645841246544176568792868E-324
0000000000000000000000000000000000000000000000000000000000000001

2.79229746104816995599937368967E-309
0000000000000010000000100000010001000100000010011000010001010000

1.6558539529312378643496501353E-311
0000000000000000000000110000110001010100000111011000011101010011

6.9709837462023837967324946218E-315
0000000000000000000000000000000001010100000110010100011101100010

2.95500267525132885074770453759E-317
0000000000000000000000000000000000000000010110110100001101000000

1.24405729622825879823660022044E-320
0000000000000000000000000000000000000000000000000000100111010110

8.88822614671465009234014728664E-317
0000000000000000000000000000000000000001000100101000000101010010

9.165258128146522446462382762E-313
0000000000000000000000000010101100110001000100101000000000000000

1.53687057082660910178466373771E-308
0000000000001011000011010010000100100000000000000000000000000000

2.22507385850720088902458687609E-308
0000000000001111111111111111111111111111111111111111111111111111
...............................................................................................................................................
# Extremely large normalised numbers

-1.79769313486231570814527423732E308
1111111111101111111111111111111111111111111111111111111111111111

-2.22952596299694824964578792634E307
1111111110111111101111111101111101110111101111111111111101110111

3.04966182229826792670517526747E307
0111111111000101101101101101110100110110101101111111011101010111

NaN
0111111111111101101101101101110001110010100101101111111101010101

Infinity
0111111111110000000000000000000000000000000000000000000000000000

-Infinity
1111111111110000000000000000000000000000000000000000000000000000
