00010010000101010011010100100100 11000000100010010101111010000001 01111111100000000000000000000000
10000100100001001101011000001001 10110001111100000101011001100011 01111111100000000000000000000000
00000110101110010111101100001101 01000110110111111001100110001101 01111111100000000000000000000000
10110010110000101000010001100101 10001001001101110101001000010010 01111111100000000000000000000000
00000000111100111110001100000001 00000110110101111100110100001101 01111111100000000000000000000000
00111011001000111111000101110110 00011110100011011100110100111101 01111111100000000000000000000000
01110110110101000101011111101101 01000110001011011111011110001100 01111111100000000000000000000000
01111100111111011110100111111001 11100011001101110010010011000110 01111111100000000000000000000000
11100010111101111000010011000101 11010101000100111101001010101010 01111111100000000000000000000000
01110010101011111111011111100101 10111011110100100111001001110111 01111111100000000000000000000000
10001001001100101101011000010010 01000111111011001101101110001111 01111111100000000000000000000000
01111001001100000110100111110010 11100111011101101001011011001110 01111111100000000000000000000000
11110100000000000111101011101000 11100010110010100100111011000101 01111111100000000000000000000000
00101110010110000100100101011100 11011110100011100010100010111101 01111111100000000000000000000000
10010110101010110101100000101101 10110010101001110010011001100101 01111111100000000000000000000000
10110001111011110110001001100011 00000101011100111000011100001010 01111111100000000000000000000000
11000000001110110010001010000000 00010000011001000010000100100000 01111111100000000000000000000000
01010101011110000100010110101010 11001110110011001100110010011101 01111111100000000000000000000000
11001011001000000011111010010110 10001001100000111011100000010011 01111111100000000000000000000000
10000110101111000011100000001101 10101001101001111101011001010011 01111111100000000000000000000000
00110101100111111101110101101011 11101010101001100010101011010101 01111111100000000000000000000000
10000001000101110100101000000010 11010111010101100011111010101110 01111111100000000000000000000000
00001110111111111110100100011101 11100111110001010111001011001111 01111111100000000000000000000000
00010001100001000100100100100011 00000101000010010110010100001010 01111111100000000000000000000000
11100101011100110000101011001010 10011110001100010100110000111100 01111111100000000000000000000000
01111001011010001011110111110010 01000101001011100110000110001010 01111111100000000000000000000000
00100000110001001011001101000001 11101100010010110011010011011000 01111111100000000000000000000000
00111100001000001111001101111000 11000100100010100001001010001001 01111111100000000000000000000000
01110101110001010000110111101011 01011011000000100110010110110110 01111111100000000000000000000000
01100011010010111111100111000110 01010111000101010001001110101110 01111111100000000000000000000000
11011110011101010000001010111100 00010101000011111101110100101010 01111111100000000000000000000000
10000101110101111001101000001011 10111000100101111011111001110001 01111111100000000000000000000000
01000010111100100100000110000101 00100111111100100101010101001111 01111111100000000000000000000000
10011101110011000110000000111011 00011101000001100011001100111010 01111111100000000000000000000000
10111111001000110011001001111110 00001010101010100100101100010101 01111111100000000000000000000000
01111000110110011001101111110001 01101100100111000100101111011001 01111111100000000000000000000000
00110001001000110000011101100010 00100110001101011111101101001100 01111111100000000000000000000000
01001111101000010101010110011111 01000111101110011010000110001111 01111111100000000000000000000000
01111100011011011010100111111000 11011011110011010110000010110111 01111111100000000000000000000000
11001111110001000101011010011111 10101110011111011001010001011100 01111111100000000000000000000000
10101101110010111100000001011011 01000100110111100011011110001001 01111111100000000000000000000000
10100100101011100011001001001001 11101000001000110011111011010000 01111111100000000000000000000000
11101011111111101100000011010111 10101000110001111111110001010001 01111111100000000000000000000000
01001011001000010010111110010110 00000110000111010111111100001100 01111111100000000000000000000000
11100001001011001100111011000010 01100100010101111110110111001000 01111111100000000000000000000000
10111011100000100101101001110111 00011110111100101110110100111101 01111111100000000000000000000000
00001001000011001101101100010010 10111111000001010000000001111110 01111111100000000000000000000000
00110110111001011000000101101101 00011100110110011110011100111001 01111111100000000000000000000000
00001111110100101000111100011111 11101001111010111111011011010011 01111111100000000000000000000000
01000010110110010010111110000101 10111100000101001000100001111000 01111111100000000000000000000000
00101101110110100101100101011011 00100100100010110100101101001001 01111111100000000000000000000000
10011111111100101010111000111111 00010101000011001010111100101010 01111111100000000000000000000000
00101100000101010110001101011000 11000011001111110011100010000110 01111111100000000000000000000000
11000111000110100000110010001110 11001110001011111111001010011100 01111111100000000000000000000000
01111101001101011001100111111010 10010011011111011011110000100110 01111111100000000000000000000000
00111001100101100001011101110011 11010001100010111011010010100011 01111111100000000000000000000000
10010111100110011010100000101111 11011001110100101001001010110011 01111111100000000000000000000000
10101111110110000101011001011111 00100010001010010000110101000100 01111111100000000000000000000000
01111011111110001111110111110111 11100101100110110011011011001011 01111111100000000000000000000000
11110011000010010001101011100110 00101101001010001101101101011010 01111111100000000000000000000000
00010100110011111100000100101001 11110110100000101110001011101101 01111111100000000000000000000000
11101101010100110110110011011010 10110010100111111011011001100101 01111111100000000000000000000000
11011010100010101110001010110101 11101111101111101001010011011111 01111111100000000000000000000000
00111100111100010001100101111001 00100010001100011111111101000100 01111111100000000000000000000000
11101000011101000000110011010000 00010101000010010000101100101010 01111111100000000000000000000000
01010101111101101010110110101011 00000111011011111100111100001110 01111111100000000000000000000000
01101110010111011010110111011100 11001101010111101011110010011010 01111111100000000000000000000000
11111110110111110111001011111101 11100001111100010000001011000011 01111111100000000000000000000000
00101011000011101110110101010110 00100111011110011110100101001110 01111111100000000000000000000000
10110011110110010111011001100111 10000101001100010011010000001010 01111111100000000000000000000000
01011011011011111011100110110110 10011100000011101000101000111000 01111111100000000000000000000000
00111100110100011000011101111001 11011100001010111100010010111000 01111111100000000000000000000000
01001010011101001011111110010100 01001001110001100101110110010011 01111111100000000000000000000000
10000010001111110010110000000100 10101100101101111100101001011001 01111111100000000000000000000000
01101101110010110110100111011011 10100110111111001101111001001101 01111111100000000000000000000000
01101100101100001011011111011001 10110110101001000010011001101101 01111111100000000000000000000000
10111011010001011110001001110110 01100101001110110100100111001010 01111111100000000000000000000000
01011011000101110010110110110110 01001010100100110111000110010101 01111111100000000000000000000000
10100011000001110001101001000110 00000010011101001001101100000100 01111111100000000000000000000000
01111011110100100110000111110111 00110100100110000000011101101001 01111111100000000000000000000000
11011010011011101011101010110100 01000100000000011000110110001000 01111111100000000000000000000000
00010100011111001101100100101000 10010110100100000000010000101101 01111111100000000000000000000000
11100011110001010011000011000111 10010111010111001001110000101110 01111111100000000000000000000000
10000100011101111110010000001000 00001110010000010100010100011100 01111111100000000000000000000000
11111110101001111010011011111101 00010100100111100000011100101001 01111111100000000000000000000000
10001110001101111001000000011100 01000011001101010110011110000110 01111111100000000000000000000000
11101101001101000000100011011010 10011110101101111100011000111101 01111111100000000000000000000000
00110011010011101010011101100110 10111000010101011100010001110000 01111111100000000000000000000000
10111001111101010000010001110011 01011101011100011001100110111010 01111111100000000000000000000000
00101111001110101011001101011110 01111101010001110111100111111010 01111111100000000000000000000000
01101010100011100000010111010101 10001101001001001111011000011010 01111111100000000000000000000000
11011100111100000000000010111001 00011011100001110110000100110111 01111111100000000000000000000000
01001011001001110011011110010110 01100000001110010010000111000000 01111111100000000000000000000000
00010011001001011001111100100110 11011011010001100001101010110110 01111111100000000000000000000000
00111110100110011000001101111101 01101110010111110000111111011100 01111111100000000000000000000000
01000011011000010101011110000110 00111100000000111111111101111000 01111111100000000000000000000000
00111111010110101001101101111110 11101101100011011000000011011011 01111111100000000000000000000000
11100111110000111011011011001111 00111100111011010010101101111001 01111111100000000000000000000000
11111101001010001110010011111010 10110000101111001110111001100001 01111111100000000000000000000000
00001011100101000000100100010111 11010000111101010111100010100001 01111111100000000000000000000000
